42,3
42,1
40,3
40,1
38,3
38,1
33,4
33,1
28,3
28,1
14,2
14,0
13,0
12,3
12,2
12,1
11,3
11,2
11,1
10,3
10,2
10,1
9,3
9,2
9,1
8,3
8,2
8,1
3,3
3,2
3,1
20,2
0,509
0,507
20,1
0,501
20,3
0,480
0,479
0,478
19,2
19,1
19,3
0,475
0,466
0,465
0,459
0,458
0,452
0,443
0,441
0,435
0,431
18,1
0,423
18,3
0,415
2,2
0,396
2,1
0,325
2,3
0,278
0,0
13,1
13,3
14,1
14,3
0,9
810,34
810,33
810,32
810,31
810,30
810,29
810,28
810,27
810,26
810,25
810,24
810,23
810,22
810,21
810,20
810,19
810,18
810,17
810,16
810,15
810,14
810,13
810,12
810,11
810,10
810,9
810,8
810,7
810,6
810,5
